37.25859772345202 54.9959787708426
37.25733172079698 54.99617614868585
37.25675236364977 54.996299509342656
37.255829683748644 54.99648454961359
37.25518595358507 54.99659557336474
37.254349104372416 54.99671893272634
37.25340496679918 54.996842291707
37.25248228689806 54.99703966528368
37.2513298316172 54.997179726996066
37.25072901679789 54.99732775601959
37.25019257499489 54.997401770325645
37.24937718345437 54.99747578449456
37.248862199323504 54.99761147678139
37.248390130536876 54.997685490561736
37.247617654340594 54.9977841753889
37.24678080512797 54.99799387983711
37.245214395063265 54.99815424131939
37.24399130775246 54.998425620822815
37.24364798499857 54.99859831591049
37.24242489768776 54.998610651245315
37.24139492942606 54.998808016084624
37.24096577598366 54.998993044735805
37.23972123100075 54.999079391146374
37.238820008771754 54.9992397482708
37.23817627860818 54.9994247749221
37.23701756431374 54.99951112039938
37.23658841087138 54.99963447075745
37.23564427329812 54.99985650043674
37.234034947889185 54.999979849728206
37.23343413306984 55.00012786837514
37.23191063834938 55.00026355165296
37.23130982353004 55.00049791259266
37.230322770612574 55.00068293341581
37.229314260022974 55.00080628015508
37.22875636054788 55.00104063791028
37.22796242667946 55.00116398354489
37.227254323499544 55.001250325262475
37.22650330497536 55.00134900128258
37.22551625205789 55.001447677058906
37.22517292930397 55.00166969666428
37.22457211448464 55.00181770904889
37.22401421500954 55.001854712059334
37.223134450452676 55.00205206086938
37.22257655097757 55.00217540338048
37.22201865150247 55.00228641131476
37.22094978981535 55.00258152377737
37.22090687447111 55.002384177583515
37.220778128438404 55.00197714797904
37.220585009389325 55.001705792604845
37.220542094045086 55.00145910430119
37.22037043266814 55.00118774540732
37.2202202289633 55.00094105390395
37.219855448537224 55.00047233584449
37.21983399086512 55.00026264440787
37.21925463371789 55.00002828208771
37.21880402260339 54.99981858831985
37.218031546407104 54.999485543014046
37.21685137444056 54.99907848386911
37.2161647289327 54.998449384282615
37.21522059135947 54.99810399207285
37.21401896172079 54.99790662375495
37.21307482414753 54.99761056944961
37.21152987175497 54.99711714073139
37.210499903493236 54.996969110927395
37.20938410454306 54.9967223933684
37.206465861134845 54.99642633028622
37.20543589287314 54.996179609374934
37.20380510979207 54.99588354226999
37.20260348015339 54.995686162981
37.20097269707235 54.995390092218976
37.19977106743367 54.99519271049194
37.19831194572958 54.99484729012296
37.197196146779376 54.99445252032986
37.19573702507528 54.9938603583259
37.19513621025594 54.99351492643687
37.19736780815632 54.993169491561176
37.200028559499096 54.993317535445044
37.20097269707235 54.992972098862644
37.20101520177324 54.99275003087949
37.201337066855025 54.99270685085669
37.20183059331376 54.99260815348645
37.20209881421523 54.9924971186535
37.202635256018226 54.99235524036234
37.20308586713273 54.99222569887387
37.20356866475541 54.99205914491439
37.20398708936172 54.99183090317559
37.20439478513198 54.99167051630885
37.20505997296763 54.99114617012026
37.2061328565736 54.990553959109285
37.20737740155651 54.98988771122996
37.20797821637585 54.9892954815665
37.20905109998179 54.98850582836093
37.20939442273571 54.987790191664224
37.20969483014537 54.98722260861917
37.210081068243525 54.986457592629016
37.21029564496471 54.98601338307533
37.21076771375134 54.985347059486585
37.21076771375134 54.98475476252533
37.211325613226435 54.984162456785796
37.21149727460338 54.983323341961295
37.2118405973573 54.98285441717999
37.212183920111194 54.98208931756756
37.2123984968324 54.98162037830778
37.2127418195863 54.98105270763206
37.212956396307476 54.98058375621016
37.21321388837293 54.97994202429585
37.21355721112682 54.97942369484364
37.213728872503786 54.978954724309524
37.214158025946155 54.97838701577514
37.214501348700075 54.97784398267607
37.214587179388545 54.97735030982096
37.21480175610973 54.97702941919583
37.214046808563964 54.97675376116747
37.213231417023444 54.97643286575379
37.21263060220411 54.97616133685338
37.212072702729 54.97576638243328
37.211557718598165 54.97547016405758
37.211171480500006 54.9752726839211
37.21057066568067 54.975099888001466
37.21022734292678 54.97482835004738
37.209926935517096 54.97458149576143
37.209583612763204 54.974433382458244
37.20906862863234 54.97406309679965
37.20872530587842 54.97371749375744
37.20851072915724 54.973421260200624
37.20816740640334 54.97302627870534
37.207952829682135 54.9727053533715
37.20769533761671 54.97240911231543
37.20743784555127 54.971964746615846
37.20709452279738 54.97149568857516
37.206708284699225 54.9711747509558
37.20653662332228 54.97082912294636
37.206364961945326 54.970483491949345
37.20602163919141 54.970137857964716
37.20580706247023 54.96986628630945
37.205592485749044 54.9694712697002
37.20537790902784 54.96924907114265
37.205120416962416 54.968878737469645
37.20486292489699 54.96860715726297
37.204691263520026 54.96833557521189
37.204347940766134 54.96806399131635
37.20413336404492 54.96761957732694
37.203961702667975 54.96737267853208
37.20366129525832 54.96695294708242
37.20344671853711 54.96665666340673
37.20318922647169 54.96631099634409
37.20293173440627 54.96599001711064
37.2027600730293 54.965669035301005
37.20250258096388 54.965422124463615
37.20237383493117 54.96510113809604
37.201944681488776 54.96458261621402
37.20177302011183 54.964236931219325
37.20147261270215 54.963767782525984
37.201172205292494 54.96334801324088
37.200743051850104 54.96287885412046
37.200356813751974 54.962409689496795
37.199970575653815 54.961817052632306
37.19949850686719 54.96127379445941
37.19911226876906 54.96073052890805
37.198640199982435 54.96013786716414
37.19821104654004 54.95959458618495
37.19803938516309 54.95910068798273
37.19726690896681 54.95840922025487
37.19636568673781 54.95742138847619
37.19572195657424 54.956927463442184
37.19533571847609 54.956359442114106
37.19490656503369 54.95584080690147
37.19439158090285 54.955322164965445
37.19417700418165 54.95472942309145
37.194262834870116 54.95413667243574
37.194305750214355 54.953296927307385
37.19447741159133 54.95240776619119
37.19460615762404 54.95186438022946
37.19460615762404 54.95124688722461
37.19460615762404 54.95070348549781
37.19460615762404 54.95038238100876
37.19460615762404 54.949937770539265
37.194734903656745 54.94959195898099
37.194734903656745 54.94909793728519
37.19477781900098 54.94875211846927
37.19477781900098 54.948430998321506
37.19477781900098 54.948011068086316
37.19490656503369 54.94773934617427
37.19490656503369 54.947418217899624
37.19490656503369 54.94717119439644
37.19494948037793 54.9469241693685
37.195078226410665 54.94652892615228
37.195078226410665 54.94615838209199
37.195078226410665 54.94581253787376
37.19520697244337 54.945367876630364
37.19533571847609 54.945046729326585
37.19533571847609 54.94470087550217
37.19533571847609 54.94435501868915
37.19533571847609 54.94395975010042
37.19537863382032 54.94363859149781
37.19537863382032 54.94316920121235
37.19542154916456 54.94284803626643
37.195550295197265 54.942329225910115
37.1955932105415 54.941835114556966
37.19563612588571 54.94116805454978
37.19567904122995 54.940698635292065
37.19567904122995 54.94037745052294
37.19567904122995 54.939735073253445
37.19572195657419 54.939315051772965
37.195936533295374 54.93889502588548
37.195936533295374 54.938400872140356
37.19597944863961 54.93807966893505
37.19602236398387 54.93756079677476
37.19615111001658 54.937140752481326
37.19615111001658 54.936671285996844
37.19615111001658 54.93612768634775
37.196236940705056 54.93560878888835
37.19658026345895 54.93491691514775
37.196709009491684 54.93444742258607
37.196623178803186 54.93382966082788
37.196623178803186 54.93340957738801
37.19683775552439 54.932841222189495
37.196751924835915 54.932198723989714
37.196751924835915 54.93153150340894
37.19692358621287 54.930963121552494
37.19692358621287 54.93054300803853
37.1969665015571 54.930172315983654
37.1969665015571 54.929554488266746
37.19726690896676 54.928046948628555
37.197223993622494 54.92920850057656
37.19730982431097 54.927577375512556
37.19726690896673 54.926835933066904
37.19726690896673 54.92634163047735
37.19739565499944 54.92584732178712
37.19743857034368 54.925353006996154
37.197524401032155 54.92483396989971
37.197524401032155 54.92414190997488
37.19765314706486 54.92367229107296
37.1976960624091 54.92312851493936
37.1977818930976 54.92253529619248
37.19782480844184 54.92191735065571
37.19782480844184 54.92132411397187
37.198339792572675 54.92055783690863
37.19816813119573 54.9199892993006
37.19821104653997 54.91956907066518
37.19851145394964 54.91919827703203
37.197910639130306 54.91892635951985
37.198339792572675 54.91840723914425
37.19898352273625 54.91816003660114
37.19859728463812 54.91759146496333
37.1986187423102 54.91738751881234
37.19864019998231 54.91675713325789
37.19868311532654 54.91616382015575
37.19872603067078 54.91542216641739
37.19872603067078 54.91495244528569
37.19885477670351 54.91428493736267
37.19889769204775 54.913691587651144
37.19889769204775 54.91314767603024
37.19902643808046 54.912727375630034
37.1990693534247 54.91233179475562
37.199198099457405 54.911960934139195
37.199198099457405 54.91136755001376
37.199198099457405 54.910971955715304
37.19928393014588 54.91057635751162
37.19928393014588 54.910106579572535
37.19928393014588 54.9097356983622
37.19936976083435 54.909241184742484
37.19967016824403 54.908623034131686
37.19967016824403 54.908103780254685
37.19967016824403 54.907807060732985
37.19984182962098 54.90718888800714
37.199627252899795 54.90671907035872
37.19975599893251 54.90619979181361
37.19975599893251 54.90580414650167
37.19984182962098 54.90545795365001
37.19988474496522 54.9050128441613
37.199970575653694 54.904419357154055
37.199970575653694 54.903875319677844
37.20014223703066 54.90330654533036
37.2001851523749 54.90273776291231
37.20014223703066 54.902218432786505
37.20027098306337 54.90164963492894
37.20031389840761 54.90115502153593
37.20031389840761 54.9008335195579
37.20044264444032 54.90028943341354
37.20052847512879 54.89994319293149
37.20052847512879 54.89949802220344
37.20052847512879 54.89892918574609
37.20061430581727 54.89836034121772
37.200700136505716 54.89796461851958
37.200828882538424 54.89749469274851
37.20087179788266 54.897123694828096
37.20095762857113 54.89682689402003
37.20095762857113 54.8965300910149
37.20052847512877 54.896233285812656
37.201129289948106 54.89610961632992
37.20104345925961 54.89576333974904
37.20108637460384 54.8953675914233
37.20108637460384 54.8951202467362
37.20108637460384 54.894773961610916
37.20108637460384 54.89440293851522
37.201215120636576 54.89400717676248
37.201215120636576 54.89363614657178
37.201172205292345 54.89328984862971
37.20061430581724 54.893067226944865
37.20048555978453 54.89264671594584
37.20009932168637 54.89227567316703
37.19975599893246 54.89192936347602
37.19941267617856 54.89160778751362
37.19906935342465 54.89126147205488
37.19864019998228 54.89081620492768
37.19816813119565 54.890445145211814
37.19803938516294 54.890049344397376
37.19791063913023 54.889727753359345
37.19752440103208 54.88935668357261
37.19730982431089 54.889134040052575
37.19705233224545 54.88871348780917
37.19700941690121 54.88841662474696
37.1968806708685 54.88802080390237
37.196709009491556 54.88771156615749
37.19662317880308 54.8874023260283
37.196558805786715 54.88709308351484
37.19647297509824 54.886820948130705
37.19643005975401 54.88651170113476
37.196258398377054 54.88620245175449
37.19619402536069 54.88597979072434
37.196022363983744 54.88562105646476
37.19600090631161 54.88537365165779
37.195893617951036 54.88507676387513
37.195872160278775 54.885161810053525
37.196065279327854 54.885130884182026
37.19590971120498 54.88520665252484
37.195968719803325 54.885104597172514
37.19579437621734 54.88521902285294
37.196041139446734 54.88506593977427
37.195834609352566 54.88528396701283
37.19573804982804 54.885132430476176
37.196151110016324 54.88508449533008
37.19610551246308 54.88522984688689
37.19581315168046 54.88535664249566
37.19565221913957 54.885254587524955
37.19561735042237 54.885109236057794
37.19578364738129 54.88508294903409
37.19639519103668 54.885109236057794
37.19601163514756 54.8852283005965
37.195751460873105 54.88526850412715
37.195703181110844 54.88517881927268
37.19583192714355 54.88515098600122
37.19583729156158 54.88522520801556
37.19603309281967 54.88519582848464
37.19598213084839 54.885253041235515
37.19586143144272 54.885028828636926
37.1960545504918 54.88500254156054
37.19624230512285 54.88498707856637
37.196389826618656 54.88497161556624
37.196513208233334 54.88495460625923
37.19666072972917 54.88494996735606
37.19679752238891 54.88492522653011
37.19697991260194 54.88490667090063
37.19721058257723 54.88488966156607
37.19741979488033 54.88484945764544
37.19755926974912 54.88483708720337
37.19779530414243 54.88482471675749
37.19791868575712 54.88479379062612
37.19809034713406 54.88477832755147
37.198251279674956 54.88476904970384
37.1984014833798 54.88473503091077
37.198583873592796 54.88472884567258
37.19880381473203 54.88470410471025
37.19895938285487 54.88468245635568
37.199109586559715 54.88467008586211
37.1992329681744 54.88466699323813
37.19938853629727 54.88464843748919
37.199544104420134 54.88462678910459
37.19966212161679 54.884608233337055
37.19986596950192 54.88458967756094
37.200032266460845 54.884561843880675
37.200123461567344 54.884540195449325
37.20048824199336 54.88451236173473
37.20082083591123 54.88445669424246
37.20114806541105 54.88443813839625
37.201368006550254 54.88441648989815
37.201657685123855 54.88439174874314
37.20184007533688 54.88437319286689
37.202145847164594 54.88433917373811
37.202371152721824 54.8843298957889
37.2025481785168 54.88428969131749
37.20278421291011 54.88426185742907
37.20303097613948 54.88422474554779
37.203293832622954 54.88420618959427
37.20356741794247 54.88418144830956
37.203964384876684 54.88413505835961
37.20438817390102 54.88408866835603
37.204688581310705 54.88403918562638
37.205321582638206 54.88400207353909
37.20586875327725 54.88388455170282
37.20657149203914 54.88380104912603
37.207858952366294 54.88373919526094
37.20895329364436 54.88361548724464
37.20999399074215 54.8834670371215
37.211217078052904 54.88328147368992
37.21147457011832 54.88323198996454
37.21147457011832 54.88310209489503
37.21138873942985 54.88295982838391
37.21135655292169 54.882829932433125
37.21133509524956 54.882662922735484
37.21120634921685 54.88238457169431
37.21114197620048 54.882180446369944
37.21106687434806 54.88197013434332
37.21089521297112 54.88158662133357
37.21089521297112 54.88141960645978
37.21078792461051 54.88119073309602
37.210745009266276 54.88099897332651
37.21068063624993 54.880794840951744
37.210551890217225 54.88032471395621
37.21043387302056 54.8800339747678
37.21038022884025 54.87976797749449
37.21032658465996 54.879619513128134
37.21025148280754 54.87953290866367
37.21019783862725 54.879433931903954
37.21017638095512 54.87936588524001
37.21013346561088 54.879198861121004
37.2100798214306 54.8790256501891
37.21003690608636 54.8787967631678
37.20995107539788 54.87856787484073
37.20984378703728 54.87827712291568
37.20979014285699 54.87815339805536
37.20969358333244 54.877973996330205
37.2096506679882 54.87778222118011
37.209597023807916 54.87759663145737
37.209543379627625 54.877404854508676
37.20951119311944 54.87723782222588
37.20942536243096 54.87706460282777
37.20931807407036 54.876885196234234
37.20928588756218 54.87669960236229
37.20918932803765 54.87648307509335
37.20908203967705 54.87626654665594
37.209049853168864 54.87603145731519
37.20898548015252 54.87581492644068
37.208910378300104 54.87562932761825
37.208803089939494 54.875418981248345
37.20872798808708 54.87519626036068
37.20866361507073 54.874973538231714
37.20865288623465 54.874794122288485
37.20856705554618 54.87461470554303
37.208524140201945 54.8743981670233
37.208438309513475 54.87423112222395
37.208352478825 54.87400220785104
37.20827737697258 54.8737547313843
37.20817008861197 54.87353200125934
37.20809498675958 54.87329689589737
37.20800915607108 54.87308653730068
37.20789113887445 54.872826681036095
37.20775166400566 54.87257919731981
37.20763364680901 54.872356460670204
37.20753708728448 54.87220178171397
37.20740834125177 54.87198523017365
37.20733323939935 54.87181198810003
37.20719376453056 54.87162018350335
37.20710793384209 54.87140981611741
37.20696845897332 54.87110663765083
37.20682898410453 54.87082820642931
37.20659294971122 54.87048789897972
37.206410559498224 54.87021565094241
37.206217440449144 54.869881525827054
37.206131609760675 54.86953502276425
37.20600286372796 54.86923183013473
37.20583120235099 54.86906476382952
37.20570245631828 54.86882963229594
37.20556298144952 54.86856356074136
37.20544496425286 54.868291299650366
37.205208929859545 54.86797572198393
37.20511237033502 54.86778389905266
37.205026539646525 54.86760445096442
37.204822691761365 54.867140357355474
37.204726132236814 54.86696709436779
37.204629572712285 54.86682477063981
37.20435062297474 54.86705372595511
37.2050479973186 54.86684952262873
37.204586657368054 54.867165109149816
37.204779776417126 54.86681858264018
37.204211148105976 54.86672576253138
37.20365324863087 54.86683714663618
37.203331383549084 54.86694853043189
37.202322872959485 54.867078477797776
37.201314362369885 54.86715273324947
37.200616988026 54.86726411616944
37.200209292255735 54.86738168669406
37.19952264674793 54.86747450528605
37.19909349330556 54.867554947892145
37.19862142451893 54.86763539033703
37.198052796207776 54.86772820834232
37.19744125255239 54.867790086893265
37.196561487995446 54.86783958966026
37.195542248569794 54.86790765587218
37.1948019588817 54.86797572196867
37.19442644961959 54.868056163570245
37.1939758385051 54.868105665998876
37.19366470225936 54.86812113550008
37.19338038810378 54.86816754396791
37.193042429767914 54.86818610734003
37.19296196349747 54.86823870351438
37.193197997890785 54.86827273629635
37.19317117580063 54.86834698953867
37.19299951442368 54.86839030386659
37.192699107014 54.868322238473155
37.192768844448395 54.86822323405849
37.19256499656326 54.86821395238208
37.192345055424056 54.868300581278305
37.19227531798966 54.86832533235718
37.19211438544877 54.868350083420786
37.192044648014374 54.868350083420786
37.19189444430953 54.868350083420786
37.19176569827682 54.86836864670846
37.191663774334266 54.868377928349105
37.19157794364577 54.86838411610832
37.191459926449134 54.86839649162391
37.19132045158035 54.86841505489012
37.19126144298203 54.86842743039616
37.19110587485917 54.86843671202319
37.19102004417069 54.868445993648066
37.190939577900245 54.86846146301811
37.190789374195404 54.86847074463727
37.19082692512161 54.86853571590618
37.191089781605065 54.86852952817032
37.190751823269196 54.868622344107926
37.19052651771194 54.86853571590618
37.190952318393066 54.86848814765721
37.1908879453767 54.86850864454459
37.190932201825454 54.868514058816324
37.19100126870757 54.86850284353836
37.19099456318503 54.8685186996201
37.19094293066151 54.86852566082475
37.190891298137956 54.868524500624055
37.19086246439106 54.86850941801203
37.19083430119641 54.86851599248463
37.19085441776402 54.86853184856119
37.19085642942078 54.86856549436142
37.19078199812061 54.86856510762826
37.190744447194405 54.86854035669725
37.19071628399975 54.86857593615066
37.19074344136602 54.86857419584671
37.19075852879174 54.86858947180596
37.19076054044848 54.868570521887264
37.19080479689724 54.86857941674817
37.190787362538636 54.868596432998324
37.190746458851166 54.86860068705973
37.19072466590293 54.868601267153885
37.19071226068622 54.86858483101037
37.19067135699875 54.86856626782267
37.190731706701584 54.86859333913519
37.190731706701584 54.86858560447634
37.19082893677838 54.86859372586809
37.19084033616668 54.8685678147553
37.19088727482445 54.868567428022146
37.19091409691458 54.86854615769297
37.19096572943813 54.86854925155973
37.19087721654064 54.86853803629158
37.19082893677838 54.86854731789303
37.19078266867286 54.868533008756565
37.19068610914828 54.868539196486786
37.190625759445446 54.86854383728763
37.19062307723644 54.86856201375251
37.19065861650588 54.86855891988674
37.190657275401385 54.868592952397194
37.190590220176006 54.86860726151228
37.19055937477234 54.86856742801705
37.19058887907151 54.86854113015387
37.190606983982356 54.868579803476116
37.190606983982356 54.868579803476116
37.19058887907151 54.86854113015387
37.19055937477234 54.86856742801705
37.190590220176006 54.86860726151228
37.190657275401385 54.868592952397194
37.19065861650588 54.86855891988674
37.19062307723644 54.86856201375251
37.190625759445446 54.86854383728763
37.19068610914828 54.868539196486786
37.19078266867286 54.868533008756565
37.19082893677838 54.86854731789303
37.19087721654064 54.86853803629158
37.19096572943813 54.86854925155973
37.19091409691458 54.86854615769297
37.19088727482445 54.868567428022146
37.19084033616668 54.8685678147553
37.19082893677838 54.86859372586809
37.190731706701584 54.86858560447634
37.190731706701584 54.86859333913519
37.19067135699875 54.86856626782267
37.19071226068622 54.86858483101037
37.19072466590293 54.868601267153885
37.190746458851166 54.86860068705973
37.190787362538636 54.868596432998324
37.19080479689724 54.86857941674817
37.19076054044848 54.868570521887264
37.19075852879174 54.86858947180596
37.19074344136602 54.86857419584671
37.19071628399975 54.86857593615066
37.190744447194405 54.86854035669725
37.19078199812061 54.86856510762826
37.19085642942078 54.86856549436142
37.19085441776402 54.86853184856119
37.19083430119641 54.86851599248463
37.19086246439106 54.86850941801203
37.190891298137956 54.868524500624055
37.19094293066151 54.86852566082475
37.19099456318503 54.8685186996201
37.19100126870757 54.86850284353836
37.190932201825454 54.868514058816324
37.1908879453767 54.86850864454459
37.190952318393066 54.86848814765721
37.19052651771194 54.86853571590618
37.190751823269196 54.868622344107926
37.191089781605065 54.86852952817032
37.19082692512161 54.86853571590618
37.190789374195404 54.86847074463727
37.190939577900245 54.86846146301811
37.19102004417069 54.868445993648066
37.19110587485917 54.86843671202319
37.19126144298203 54.86842743039616
37.19132045158035 54.86841505489012
37.191459926449134 54.86839649162391
37.19157794364577 54.86838411610832
37.191663774334266 54.868377928349105
37.19176569827682 54.86836864670846
37.19189444430953 54.868350083420786
37.192044648014374 54.868350083420786
37.19211438544877 54.868350083420786
37.19227531798966 54.86832533235718
37.192345055424056 54.868300581278305
37.19256499656326 54.86821395238208
37.192768844448395 54.86822323405849
37.192699107014 54.868322238473155
37.19299951442368 54.86839030386659
37.19317117580063 54.86834698953867
37.193197997890785 54.86827273629635
37.19296196349747 54.86823870351438
37.193042429767914 54.86818610734003
37.19338038810378 54.86816754396791
37.19366470225936 54.86812113550008
37.1939758385051 54.868105665998876
37.19442644961959 54.868056163570245
37.1948019588817 54.86797572196867
37.195542248569794 54.86790765587218
37.196561487995446 54.86783958966026
37.19744125255239 54.867790086893265
37.198052796207776 54.86772820834232
37.19862142451893 54.86763539033703
37.19909349330556 54.867554947892145
37.19952264674793 54.86747450528605
37.200209292255735 54.86738168669406
37.200616988026 54.86726411616944
37.201314362369885 54.86715273324947
37.202322872959485 54.867078477797776
37.203331383549084 54.86694853043189
37.20365324863087 54.86683714663618
37.204211148105976 54.86672576253138
37.204779776417126 54.86681858264018
37.204586657368054 54.867165109149816
37.2050479973186 54.86684952262873
37.20435062297474 54.86705372595511
37.204629572712285 54.86682477063981
37.204726132236814 54.86696709436779
37.204822691761365 54.867140357355474
37.205026539646525 54.86760445096442
37.20511237033502 54.86778389905266
37.205208929859545 54.86797572198393
37.20544496425286 54.868291299650366
37.20556298144952 54.86856356074136
37.20570245631828 54.86882963229594
37.20583120235099 54.86906476382952
37.20600286372796 54.86923183013473
37.206131609760675 54.86953502276425
37.206217440449144 54.869881525827054
37.206410559498224 54.87021565094241
37.20659294971122 54.87048789897972
37.20682898410453 54.87082820642931
37.20696845897332 54.87110663765083
37.20710793384209 54.87140981611741
37.20719376453056 54.87162018350335
37.20733323939935 54.87181198810003
37.20740834125177 54.87198523017365
37.20753708728448 54.87220178171397
37.20763364680901 54.872356460670204
37.20775166400566 54.87257919731981
37.20789113887445 54.872826681036095
37.20800915607108 54.87308653730068
37.20809498675958 54.87329689589737
37.20817008861197 54.87353200125934
37.20827737697258 54.8737547313843
37.208352478825 54.87400220785104
37.208438309513475 54.87423112222395
37.208524140201945 54.8743981670233
37.20856705554618 54.87461470554303
37.20865288623465 54.874794122288485
37.20866361507073 54.874973538231714
37.20872798808708 54.87519626036068
37.208803089939494 54.875418981248345
37.208910378300104 54.87562932761825
37.20898548015252 54.87581492644068
37.209049853168864 54.87603145731519
37.20908203967705 54.87626654665594
37.20918932803765 54.87648307509335
37.20928588756218 54.87669960236229
37.20931807407036 54.876885196234234
37.20942536243096 54.87706460282777
37.20951119311944 54.87723782222588
37.209543379627625 54.877404854508676
37.209597023807916 54.87759663145737
37.2096506679882 54.87778222118011
37.20969358333244 54.877973996330205
37.20979014285699 54.87815339805536
37.20984378703728 54.87827712291568
37.20995107539788 54.87856787484073
37.21003690608636 54.8787967631678
37.2100798214306 54.8790256501891
37.21013346561088 54.879198861121004
37.21017638095512 54.87936588524001
37.21019783862725 54.879433931903954
37.21025148280754 54.87953290866367
37.21032658465996 54.879619513128134
37.21038022884025 54.87976797749449
37.21043387302056 54.8800339747678
37.210551890217225 54.88032471395621
37.21068063624993 54.880794840951744
37.210745009266276 54.88099897332651
37.21078792461051 54.88119073309602
37.21089521297112 54.88141960645978
37.21089521297112 54.88158662133357
37.21106687434806 54.88197013434332
37.21114197620048 54.882180446369944
37.21120634921685 54.88238457169431
37.21133509524956 54.882662922735484
37.21135655292169 54.882829932433125
37.21138873942985 54.88295982838391
37.21147457011832 54.88310209489503
37.21147457011832 54.88323198996454
37.211217078052904 54.88328147368992
37.20999399074215 54.8834670371215
37.20895329364436 54.88361548724464
37.207858952366294 54.88373919526094
37.20657149203914 54.88380104912603
37.20586875327725 54.88388455170282
37.205321582638206 54.88400207353909
37.204688581310705 54.88403918562638
37.20438817390102 54.88408866835603
37.203964384876684 54.88413505835961
37.20356741794247 54.88418144830956
37.203293832622954 54.88420618959427
37.20303097613948 54.88422474554779
37.20278421291011 54.88426185742907
37.2025481785168 54.88428969131749
37.202371152721824 54.8843298957889
37.202145847164594 54.88433917373811
37.20184007533688 54.88437319286689
37.201657685123855 54.88439174874314
37.201368006550254 54.88441648989815
37.20114806541105 54.88443813839625
37.20082083591123 54.88445669424246
37.20048824199336 54.88451236173473
37.200123461567344 54.884540195449325
37.200032266460845 54.884561843880675
37.19986596950192 54.88458967756094
37.19966212161679 54.884608233337055
37.199544104420134 54.88462678910459
37.19938853629727 54.88464843748919
37.1992329681744 54.88466699323813
37.199109586559715 54.88467008586211
37.19895938285487 54.88468245635568
37.19880381473203 54.88470410471025
37.198583873592796 54.88472884567258
37.1984014833798 54.88473503091077
37.198251279674956 54.88476904970384
37.19809034713406 54.88477832755147
37.19791868575712 54.88479379062612
37.19779530414243 54.88482471675749
37.19755926974912 54.88483708720337
37.19741979488033 54.88484945764544
37.19721058257723 54.88488966156607
37.19697991260194 54.88490667090063
37.19679752238891 54.88492522653011
37.19666072972917 54.88494996735606
37.196513208233334 54.88495460625923
37.196389826618656 54.88497161556624
37.19624230512285 54.88498707856637
37.1960545504918 54.88500254156054
37.19586143144272 54.885028828636926
37.19598213084839 54.885253041235515
37.19603309281967 54.88519582848464
37.19583729156158 54.88522520801556
37.19583192714355 54.88515098600122
37.195703181110844 54.88517881927268
37.195751460873105 54.88526850412715
37.19601163514756 54.8852283005965
37.19639519103668 54.885109236057794
37.19578364738129 54.88508294903409
37.19561735042237 54.885109236057794
37.19565221913957 54.885254587524955
37.19581315168046 54.88535664249566
37.19610551246308 54.88522984688689
37.196151110016324 54.88508449533008
37.19573804982804 54.885132430476176
37.195834609352566 54.88528396701283
37.196041139446734 54.88506593977427
37.19579437621734 54.88521902285294
37.195968719803325 54.885104597172514
37.19590971120498 54.88520665252484
37.196065279327854 54.885130884182026
37.195872160278775 54.885161810053525
37.195893617951036 54.88507676387513
37.19600090631161 54.88537365165779
37.196022363983744 54.88562105646476
37.19619402536069 54.88597979072434
37.196258398377054 54.88620245175449
37.19643005975401 54.88651170113476
37.19647297509824 54.886820948130705
37.196558805786715 54.88709308351484
37.19662317880308 54.8874023260283
37.196709009491556 54.88771156615749
37.1968806708685 54.88802080390237
37.19700941690121 54.88841662474696
37.19705233224545 54.88871348780917
37.19730982431089 54.889134040052575
37.19752440103208 54.88935668357261
37.19791063913023 54.889727753359345
37.19803938516294 54.890049344397376
37.19816813119565 54.890445145211814
37.19864019998228 54.89081620492768
37.19906935342465 54.89126147205488
37.19941267617856 54.89160778751362
37.19975599893246 54.89192936347602
37.20009932168637 54.89227567316703
37.20048555978453 54.89264671594584
37.20061430581724 54.893067226944865
37.201172205292345 54.89328984862971
37.201215120636576 54.89363614657178
37.201215120636576 54.89400717676248
37.20108637460384 54.89440293851522
37.20108637460384 54.894773961610916
37.20108637460384 54.8951202467362
37.20108637460384 54.8953675914233
37.20104345925961 54.89576333974904
37.201129289948106 54.89610961632992
37.20052847512877 54.896233285812656
37.20095762857113 54.8965300910149
37.20095762857113 54.89682689402003
37.20087179788266 54.897123694828096
37.200828882538424 54.89749469274851
37.200700136505716 54.89796461851958
37.20061430581727 54.89836034121772
37.20052847512879 54.89892918574609
37.20052847512879 54.89949802220344
37.20052847512879 54.89994319293149
37.20044264444032 54.90028943341354
37.20031389840761 54.9008335195579
37.20031389840761 54.90115502153593
37.20027098306337 54.90164963492894
37.20014223703066 54.902218432786505
37.2001851523749 54.90273776291231
37.20014223703066 54.90330654533036
37.199970575653694 54.903875319677844
37.199970575653694 54.904419357154055
37.19988474496522 54.9050128441613
37.19984182962098 54.90545795365001
37.19975599893251 54.90580414650167
37.19975599893251 54.90619979181361
37.199627252899795 54.90671907035872
37.19984182962098 54.90718888800714
37.19967016824403 54.907807060732985
37.19967016824403 54.908103780254685
37.19967016824403 54.908623034131686
37.19936976083435 54.909241184742484
37.19928393014588 54.9097356983622
37.19928393014588 54.910106579572535
37.19928393014588 54.91057635751162
37.199198099457405 54.910971955715304
37.199198099457405 54.91136755001376
37.199198099457405 54.911960934139195
37.1990693534247 54.91233179475562
37.19902643808046 54.912727375630034
37.19889769204775 54.91314767603024
37.19889769204775 54.913691587651144
37.19885477670351 54.91428493736267
37.19872603067078 54.91495244528569
37.19872603067078 54.91542216641739
37.19868311532654 54.91616382015575
37.19864019998231 54.91675713325789
37.1986187423102 54.91738751881234
37.19859728463812 54.91759146496333
37.19898352273625 54.91816003660114
37.198339792572675 54.91840723914425
37.197910639130306 54.91892635951985
37.19851145394964 54.91919827703203
37.19821104653997 54.91956907066518
37.19816813119573 54.9199892993006
37.198339792572675 54.92055783690863
37.19782480844184 54.92132411397187
37.19782480844184 54.92191735065571
37.1977818930976 54.92253529619248
37.1976960624091 54.92312851493936
37.19765314706486 54.92367229107296
37.197524401032155 54.92414190997488
37.197524401032155 54.92483396989971
37.19743857034368 54.925353006996154
37.19739565499944 54.92584732178712
37.19726690896673 54.92634163047735
37.19726690896673 54.926835933066904
37.19730982431097 54.927577375512556
37.197223993622494 54.92920850057656
37.19726690896676 54.928046948628555
37.1969665015571 54.929554488266746
37.1969665015571 54.930172315983654
37.19692358621287 54.93054300803853
37.19692358621287 54.930963121552494
37.196751924835915 54.93153150340894
37.196751924835915 54.932198723989714
37.19683775552439 54.932841222189495
37.196623178803186 54.93340957738801
37.196623178803186 54.93382966082788
37.196709009491684 54.93444742258607
37.19658026345895 54.93491691514775
37.196236940705056 54.93560878888835
37.19615111001658 54.93612768634775
37.19615111001658 54.936671285996844
37.19615111001658 54.937140752481326
37.19602236398387 54.93756079677476
37.19597944863961 54.93807966893505
37.195936533295374 54.938400872140356
37.195936533295374 54.93889502588548
37.19572195657419 54.939315051772965
37.19567904122995 54.939735073253445
37.19567904122995 54.94037745052294
37.19567904122995 54.940698635292065
37.19563612588571 54.94116805454978
37.1955932105415 54.941835114556966
37.195550295197265 54.942329225910115
37.19542154916456 54.94284803626643
37.19537863382032 54.94316920121235
37.19537863382032 54.94363859149781
37.19533571847609 54.94395975010042
37.19533571847609 54.94435501868915
37.19533571847609 54.94470087550217
37.19533571847609 54.945046729326585
37.19520697244337 54.945367876630364
37.195078226410665 54.94581253787376
37.195078226410665 54.94615838209199
37.195078226410665 54.94652892615228
37.19494948037793 54.9469241693685
37.19490656503369 54.94717119439644
37.19490656503369 54.947418217899624
37.19490656503369 54.94773934617427
37.19477781900098 54.948011068086316
37.19477781900098 54.948430998321506
37.19477781900098 54.94875211846927
37.194734903656745 54.94909793728519
37.194734903656745 54.94959195898099
37.19460615762404 54.949937770539265
37.19460615762404 54.95038238100876
37.19460615762404 54.95070348549781
37.19460615762404 54.95124688722461
37.19460615762404 54.95186438022946
37.19447741159133 54.95240776619119
37.194305750214355 54.953296927307385
37.194262834870116 54.95413667243574
37.19417700418165 54.95472942309145
37.19439158090285 54.955322164965445
37.19490656503369 54.95584080690147
37.19533571847609 54.956359442114106
37.19572195657424 54.956927463442184
37.19636568673781 54.95742138847619
37.19726690896681 54.95840922025487
37.19803938516309 54.95910068798273
37.19821104654004 54.95959458618495
37.198640199982435 54.96013786716414
37.19911226876906 54.96073052890805
37.19949850686719 54.96127379445941
37.199970575653815 54.961817052632306
37.200356813751974 54.962409689496795
37.200743051850104 54.96287885412046
37.201172205292494 54.96334801324088
37.20147261270215 54.963767782525984
37.20177302011183 54.964236931219325
37.201944681488776 54.96458261621402
37.20237383493117 54.96510113809604
37.20250258096388 54.965422124463615
37.2027600730293 54.965669035301005
37.20293173440627 54.96599001711064
37.20318922647169 54.96631099634409
37.20344671853711 54.96665666340673
37.20366129525832 54.96695294708242
37.203961702667975 54.96737267853208
37.20413336404492 54.96761957732694
37.204347940766134 54.96806399131635
37.204691263520026 54.96833557521189
37.20486292489699 54.96860715726297
37.205120416962416 54.968878737469645
37.20537790902784 54.96924907114265
37.205592485749044 54.9694712697002
37.20580706247023 54.96986628630945
37.20602163919141 54.970137857964716
37.206364961945326 54.970483491949345
37.20653662332228 54.97082912294636
37.206708284699225 54.9711747509558
37.20709452279738 54.97149568857516
37.20743784555127 54.971964746615846
37.20769533761671 54.97240911231543
37.207952829682135 54.9727053533715
37.20816740640334 54.97302627870534
37.20851072915724 54.973421260200624
37.20872530587842 54.97371749375744
37.20906862863234 54.97406309679965
37.209583612763204 54.974433382458244
37.209926935517096 54.97458149576143
37.21022734292678 54.97482835004738
37.21057066568067 54.975099888001466
37.211171480500006 54.9752726839211
37.211557718598165 54.97547016405758
37.212072702729 54.97576638243328
37.21263060220411 54.97616133685338
37.213231417023444 54.97643286575379
37.214046808563964 54.97675376116747
37.21480175610973 54.97702941919583
37.214587179388545 54.97735030982096
37.214501348700075 54.97784398267607
37.214158025946155 54.97838701577514
37.213728872503786 54.978954724309524
37.21355721112682 54.97942369484364
37.21321388837293 54.97994202429585
37.212956396307476 54.98058375621016
37.2127418195863 54.98105270763206
37.2123984968324 54.98162037830778
37.212183920111194 54.98208931756756
37.2118405973573 54.98285441717999
37.21149727460338 54.983323341961295
37.211325613226435 54.984162456785796
37.21076771375134 54.98475476252533
37.21076771375134 54.985347059486585
37.21029564496471 54.98601338307533
37.210081068243525 54.986457592629016
37.20969483014537 54.98722260861917
37.20939442273571 54.987790191664224
37.20905109998179 54.98850582836093
37.20797821637585 54.9892954815665
37.20737740155651 54.98988771122996
37.2061328565736 54.990553959109285
37.20505997296763 54.99114617012026
37.20439478513198 54.99167051630885
37.20398708936172 54.99183090317559
37.20356866475541 54.99205914491439
37.20308586713273 54.99222569887387
37.202635256018226 54.99235524036234
37.20209881421523 54.9924971186535
37.20183059331376 54.99260815348645
37.201337066855025 54.99270685085669
37.20101520177324 54.99275003087949
37.20097269707235 54.992972098862644
37.200028559499096 54.993317535445044
37.19736780815632 54.993169491561176
37.19513621025594 54.99351492643687
37.19573702507528 54.9938603583259
37.197196146779376 54.99445252032986
37.19831194572958 54.99484729012296
37.19977106743367 54.99519271049194
37.20097269707235 54.995390092218976
37.20260348015339 54.995686162981
37.20380510979207 54.99588354226999
37.20543589287314 54.996179609374934
37.206465861134845 54.99642633028622
37.20938410454306 54.9967223933684
37.210499903493236 54.996969110927395
37.21152987175497 54.99711714073139
37.21307482414753 54.99761056944961
37.21401896172079 54.99790662375495
37.21522059135947 54.99810399207285
37.2161647289327 54.998449384282615
37.21685137444056 54.99907848386911
37.218031546407104 54.999485543014046
37.21880402260339 54.99981858831985
37.21925463371789 55.00002828208771
37.21983399086512 55.00026264440787
37.219855448537224 55.00047233584449
37.2202202289633 55.00094105390395
37.22037043266814 55.00118774540732
37.220542094045086 55.00145910430119
37.220585009389325 55.001705792604845
37.220778128438404 55.00197714797904
37.22090687447111 55.002384177583515
37.22094978981535 55.00258152377737
37.22201865150247 55.00228641131476
37.22257655097757 55.00217540338048
37.223134450452676 55.00205206086938
37.22401421500954 55.001854712059334
37.22457211448464 55.00181770904889
37.22517292930397 55.00166969666428
37.22551625205789 55.001447677058906
37.22650330497536 55.00134900128258
37.227254323499544 55.001250325262475
37.22796242667946 55.00116398354489
37.22875636054788 55.00104063791028
37.229314260022974 55.00080628015508
37.230322770612574 55.00068293341581
37.23130982353004 55.00049791259266
37.23191063834938 55.00026355165296
37.23343413306984 55.00012786837514
37.234034947889185 54.999979849728206
37.23564427329812 54.99985650043674
37.23658841087138 54.99963447075745
37.23701756431374 54.99951112039938
37.23817627860818 54.9994247749221
37.238820008771754 54.9992397482708
37.23972123100075 54.999079391146374
37.24096577598366 54.998993044735805
37.24139492942606 54.998808016084624
37.24242489768776 54.998610651245315
37.24364798499857 54.99859831591049
37.24399130775246 54.998425620822815
37.245214395063265 54.99815424131939
37.24678080512797 54.99799387983711
37.247617654340594 54.9977841753889
37.248390130536876 54.997685490561736
37.248862199323504 54.99761147678139
37.24937718345437 54.99747578449456
37.25019257499489 54.997401770325645
37.25072901679789 54.99732775601959
37.2513298316172 54.997179726996066
37.25248228689806 54.99703966528368
37.25340496679918 54.996842291707
37.254349104372416 54.99671893272634
37.25518595358507 54.99659557336474
37.255829683748644 54.99648454961359
37.25675236364977 54.996299509342656
37.25733172079698 54.99617614868585
37.25859772345202 54.9959787708426
37.25979935309069 54.99578139202412
37.26166617056505 54.99546064936413
37.262846342531596 54.99533728611689
37.26391922613756 54.995127567727586
37.264477125612665 54.9950658856373
37.26522814413682 54.994868502308414
37.26655851980821 54.994732800704085
37.26720224997178 54.99458476206457
37.268468252626825 54.99437503971953
37.269369474855814 54.99417765297729
37.271107546297465 54.99401727553115
37.27218042990343 54.99372119240065
37.27387558600084 54.99351146552224
37.274905554262574 54.99327706359055
37.276536337343614 54.99295630082388
37.27833878180163 54.99275890707203
37.27971207281725 54.99240112841105
37.282115332094605 54.99215438264022
37.283552996126566 54.99191997275171
37.28419672629014 54.99175958624252
37.285183779207635 54.991586861589504
37.28634249350205 54.991377123507
37.28724371573107 54.99122907243294
37.28833805700914 54.991081020810284
37.28953968664782 54.9908466046191
37.29061257025376 54.99066153823356
37.2917712845482 54.990464133144165
37.292672506777215 54.99030374079088
37.29430328985826 54.99005698206711
37.29548346182481 54.989834897912765
37.29674946447985 54.989575798172595
37.29820858618395 54.989390725900996
37.29947458883896 54.98919331453312
37.300461641756456 54.98898356388611
37.30155598303453 54.988798488871446
37.30327259680407 54.98862575141771
37.30498921057359 54.98830495131352
37.30595480581895 54.988070518835585
37.30741392752307 54.98783608498229
37.308915964571405 54.98763866593381
37.31005322119371 54.987441245910006
37.31110464712755 54.987243824910855
37.31222044607775 54.98709575852145
37.31359373709337 54.98683664101984
37.31466662069934 54.98665155606145
37.31644760748522 54.986380096577086
37.31784235617295 54.98623202698735
37.31872212072984 54.98596056465317
37.319580427614625 54.9858371720711
37.320245615450304 54.98570143979078
37.32142578741685 54.98551634957467
37.322927824465204 54.98536827678456
37.32329260489123 54.98512148758186
37.32434403082507 54.9848993759964
37.325631491152215 54.984701942439685
37.32805620810167 54.983973897774874
37.329193464723986 54.98359136051453
37.331017366854105 54.983233499762704
37.332111708132224 54.982924996548064
37.332927099672744 54.98265351174468
37.33419310232779 54.98256712982962
37.33507286688468 54.98230798296421
37.33541618963857 54.981950110721094
37.33655344626088 54.98176500313108
37.33771216055532 54.98140712602619
37.339085451570945 54.98098754189147
37.34037291189809 54.980802429843564
37.34131704947135 54.980469225996906
37.34284054419179 54.97991388007994
37.34438549658438 54.97963003363166
37.34584461828848 54.979185748193075
37.34661709448476 54.979037651947756
37.34760414740226 54.9787044333897
37.34837662359854 54.97850696922971
37.34921347281119 54.978321845693856
37.349835745302634 54.978099696319134
37.350758425203765 54.97779115347285
37.351917139498205 54.97759368480144
37.35314022680898 54.97722342841336
37.35447060248037 54.97677911622095
37.355715147463286 54.97655695827289
37.356809488741355 54.97627308799231
37.357624880281875 54.97602624262703
37.35833298346182 54.97589047702645
37.35904108664176 54.97570534137352
37.35992085119862 54.97555723223387
37.36062895437857 54.975396780046715
37.36183058401724 54.97527335484918
37.36346136709829 54.975285697386084
37.36483465811391 54.97529803991918
37.36554276129385 54.975285697386084
37.36708771368642 54.97529803991918
37.36983429571769 54.97529803992968
37.37107884070058 54.97532272498443
37.37221609732291 54.97535975253798
37.37363230368277 54.975384437554624
37.374962679354155 54.97540912255602
37.37586390158315 54.97540912255602
37.37685095450065 54.97544615002957
37.37822424551627 54.97545849251312
37.37869631430287 54.975470834992876
37.37957607885976 54.975470834992876
37.38026272436757 54.975470834992876
37.381121031252356 54.975470834992876
37.381979338137114 54.975495519940914
37.38242994925161 54.975495519940914
37.38296370884534 54.97556648904519
37.38405805012341 54.97556648904519
37.38551717182751 54.97556648904519
37.38639693638439 54.97552946168312
37.38729815861344 54.97557883149688
37.38845687290788 54.97557883149688
37.38980870625137 54.97557883149688
37.39051680943131 54.97557883149688
37.39116053959489 54.97559117393946
37.39180426975847 54.97561585881322
37.39234071156143 54.97561585881322
37.392791322675954 54.97562820124438
37.3933063068068 54.97562820124438
37.393756917921294 54.97562820124438
37.394422105757 54.97564054367174
37.394915632215735 54.97562820124438
37.39525895496965 54.97562820124438
37.3960958041823 54.975665228515
37.39725451847672 54.975665228515
37.39791970631245 54.975677570936206
37.39847760578755 54.975677570936206
37.39907842060689 54.975677570936206
37.4002156772292 54.97568991334832
37.401267103163036 54.97572694056177
37.40193229099874 54.97572694056177
37.40253310581808 54.97573928295864
37.40328412434226 54.975763967740946
37.403992227522174 54.97577631012638
37.40482907673483 54.97577631012638
37.40508656880024 54.97577631012638
37.405665925947474 54.97577631012638
37.406116537061976 54.97582567963001
37.40716796299581 54.97585036435898
37.408412507978724 54.97585036435898
37.40927081486348 54.97585036435898
37.410193494764655 54.97585036436421
37.410965970960945 54.97585036436421
37.411867193189934 54.97582567963525
37.413304857221924 54.97588739142907
37.41442065617213 54.97586270672297
37.41502147099144 54.97582567963525
37.41510730167994 54.97597378778037
37.41525750538481 54.97647981980803
37.41527896305691 54.97672666237264
37.41534333607328 54.976936477354194
37.41534333607328 54.97717097514806
37.41540770908965 54.97754123202195
37.415429166761754 54.9779114854665
37.41551499745023 54.97813363588716
37.415579370466595 54.9783434434842
37.415665201155065 54.97852856692006
37.41575103184354 54.978787738289945
37.415858320204144 54.979145638847804
37.415772489515675 54.97926905209025
37.41598706623686 54.97961460714207
37.416008523908985 54.979787383547766
37.416008523908985 54.98000952354342
37.41611581226957 54.98024400331067
37.416158727613855 54.98049082263755
37.41626601597443 54.98077466297325
37.41635184666293 54.98102147901809
37.41645913502351 54.98137935957596
37.41645913502351 54.981650853034076
37.416544965711985 54.98192234464806
37.41656642338411 54.98221851521466
37.41667371174472 54.982551704478816
37.41673808476106 54.98300829266294
37.4168882884659 54.983427855584715
37.41693120381014 54.98377337468372
37.41703849217074 54.98416824999636
37.41718869587556 54.98451376269447
37.41718869587556 54.98479757446191
37.41736035725253 54.985278815896066
37.41740327259679 54.98569835498753
37.41746764561316 54.98605619366888
37.41757493397376 54.98647572459414
37.417703680006476 54.98687057320641
37.41783242603918 54.98724074023718
37.41787534138342 54.9875121938805
37.41791825672765 54.98788235496786
37.418068460432494 54.988449928642204
37.41826157948157 54.98914087701705
37.41839032551428 54.98964674235858
37.41854052921912 54.990411697295826
37.41873364826823 54.991324688862086
37.41886239430094 54.99169481463288
37.41886239430094 54.99211428636683
37.41901259800578 54.99253375369153
37.419098428694255 54.99290386826196
37.419184259382725 54.99323696844386
37.41931300541543 54.99360707649988
37.41939883610391 54.99400185464722
37.41948466679241 54.994359618973704
37.41954903980875 54.99485308175834
37.419720701185696 54.995420556424705
37.4198279895463 54.995914006099405
37.41987090489054 54.99617306473867
37.4199352779069 54.99644445770175
37.41997819325114 54.99669117697731
37.419999650923245 54.99693789472911
37.42021422764446 54.99719694672855
37.42025714298877 54.99757626985548
37.42032151600511 54.99766570323498
37.42038588902153 54.99797409266838
37.42040198227561 54.998122118748206
37.420450262037875 54.998267060419856
37.42046099087393 54.99846751080123
37.42051463505424 54.99865562485959
37.4205629148165 54.99886224091916
37.42065947434103 54.99902259891535
37.420667520968095 54.99915674406285
37.42071311852134 54.999344854880626
37.42081504246389 54.99947745705744
37.42088209768928 54.99950829470863
37.42096792837775 54.999531422931426
37.42110740324654 54.999531422931426
37.421226761547764 54.999508294724464
37.42127370020553 54.999495959666845
37.42131259223624 54.99948131178096
37.42133539101286 54.9994608818259
37.42135014316245 54.99943621167755
37.42134075543089 54.99937299435285
37.421405128447255 54.99939458076765
37.42141719838783 54.9993957371824
37.42142859777613 54.99940036284106
37.42142591556711 54.99940961416206
37.4214192100446 54.99943042961459
37.42140982231304 54.99944199375021
37.42145005544826 54.999445848461335
37.421466148702336 54.99941038510494
37.42156941374941 54.9993564190674
37.421427256671635 54.999335603576284
37.42135215481922 54.999358731899086
37.421373612491344 54.999375692660614
37.42141116341753 54.99937183794271
37.42138568243189 54.99936181567444
37.42141518673106 54.99935950284294
37.421452737657276 54.99937415077349
37.42147955974743 54.999394966244516
37.42148760637447 54.99941886547564
37.4214406677167 54.99942503301684
37.421452737657276 54.99940421756149
37.42142993888065 54.99938494398204
37.421399093476985 54.999383402095276
37.42136556586428 54.99943428432683
37.42141384562657 54.99942194924636
37.42140982231304 54.99940498850448
37.42135751923724 54.99940498850448
37.42135617813275 54.999412697933494
37.42138568243189 54.99941655264744
37.42136556586428 54.9993803183216
37.421341425983165 54.999394966244516
37.421297169534455 54.99947283143941
37.42131862720656 54.99927546988499
37.421597576944116 54.99897942572491
37.42179069599319 54.998646373422126
37.42209110340285 54.99835032459945
37.42299232563187 54.997721213565924
37.42333564838576 54.997499172012006
37.42395792087723 54.99701807774968
37.4247947700899 54.99674668868895
37.425138092843824 54.996376609718446
37.42573890766316 54.99611755239918
37.42627534946613 54.995759803815446
37.42698345264605 54.99542672466788
37.42762718280962 54.99497027836264
37.428313828317435 54.99450149024225
37.42904338916951 54.99405737010652
37.42988023838214 54.993514549902514
37.430953121988104 54.99293471108854
37.431382275430494 54.992675631449245
37.43204746326617 54.99216980445432
37.43290577015093 54.9918737076321
37.43367824634724 54.991392545615845
37.43419323047808 54.99101007936685
37.43479404529742 54.99063994725292
37.43541631778889 54.99023279796738
37.43629608234578 54.989677587710126
37.43704710086993 54.98940614877656
37.4376693733614 54.98891261871865
37.438162899820135 54.98856714405646
37.43895683368855 54.98818465076199
37.43972930988484 54.98772812171448
37.44065198978596 54.987172876654554
37.441231346933165 54.986716336047905
37.44219694217853 54.986136398567304
37.44318399509602 54.98549475580326
37.444128132669256 54.98476672557599
37.445651627389715 54.983804224590145
37.446295357553296 54.98343402572696
37.446767426339896 54.982977442406415
37.447196579782286 54.982607235884956
37.44779739460163 54.98208894099397
37.4484411247652 54.9815459581851
37.4489990242403 54.981077012550294
37.449835873452955 54.980422947608176
37.451230622140734 54.979188833668665
37.45193872532065 54.97863346996248
37.452582455484226 54.97823853996599
37.452925778238146 54.97789297301838
37.453590966073826 54.977374616995746
37.45414886554892 54.97684391219957
37.45558652958091 54.97560968775989
37.45655212482628 54.9748444494679
37.45751772007164 54.97420262541254
37.459019757120025 54.97294363291962
37.46000681003749 54.97224006102057
37.46060762485683 54.97168460077593
37.46140155872524 54.97110444517061
37.461938000528214 54.970635377037596
37.46256027301968 54.97010458277699
37.463161087839026 54.96949971561157
37.46395502170741 54.96894421729781
37.464641667215226 54.968203540880694
37.4652853973788 54.96779616300067
37.46599350055874 54.967265331051244
37.466658688394425 54.966796217882155
37.46734533390224 54.966302408601244
37.467817402688866 54.96580859322285
37.468632794229386 54.96529008051305
37.46955547413051 54.96449995298078
37.47028503498256 54.96377154033366
37.47125063022792 54.96288261201692
37.4720016487521 54.962339368316414
37.472902870981095 54.96175907712262
37.47393283924282 54.96087010407835
37.47444782337369 54.96045030438166
37.475306130258446 54.959894680361586
37.476464844552886 54.9589562756035
37.4771514900607 54.958277153166776
37.47820291599456 54.95735105854168
37.47854623874848 54.95706705189296
37.479147053567814 54.9565978190994
37.47966203769868 54.956511380879256
37.480112648813176 54.95593100513572
37.48062763294404 54.95548645631873
37.48122844776338 54.95496780978904
37.48238716205779 54.95393049656436
37.48296651920503 54.95348592551862
37.483524418680126 54.953152493992555
37.48412523349944 54.95259676860769
37.48502645572846 54.951954587438934
37.485348320810274 54.95150999444355
37.48590622028537 54.9511394965028
37.48614225467869 54.950929546146945
37.48672161182592 54.95047259156453
37.487322426645235 54.95001563176386
37.48781595310399 54.949620419079444
37.48858842930028 54.948842332705475
37.489575482217745 54.94790366869071
37.49009046634861 54.94733551924575
37.49075565418431 54.94658209124255
37.49094877323337 54.94628565666257
37.491163349954576 54.946013923035416
37.491442299692125 54.94570513258323
37.49169979175755 54.94539633974855
37.49193582615086 54.94508754453139
37.49219331821628 54.94471698712593
37.49251518329807 54.944297017918906
37.49292287906833 54.943802930857075
37.493266201822244 54.94339530443945
37.49348077854343 54.942925911300904
37.493716812936746 54.9426541548626
37.49436054310037 54.9419500500583
37.494660950510024 54.941443581045505
37.495004273263945 54.94094945875974
37.49526176532942 54.94059121629367
37.495390511362125 54.94034415065237
37.49556217273907 54.93997354933127
37.49569091877178 54.93971412636504
37.49588403782086 54.939331165580306
37.49622736057478 54.938886432329454
37.49672088703351 54.938330508817955
37.49738607486919 54.93736688978734
37.49777231296735 54.93684800838886
37.498072720377 54.936452665671816
37.49820146640974 54.9361932198887
37.49833021244245 54.936020255099265
37.498458958475155 54.93584728956259
37.498609162179996 54.93567432327866
37.49871645054058 54.935489001430966
37.49882373890118 54.935303678725454
37.49897394260602 54.935167774862904
37.4990812309666 54.93500716061241
37.49927435001568 54.9348218356766
37.49948892673689 54.934512958882515
37.499617672769595 54.934253500529685
37.49993953785138 54.93394461934602
37.5000682838841 54.93358631418773
37.500282860605274 54.93328978335608
37.500433064310116 54.93306738379119
37.500733471719776 54.93279556042322
37.500776387064036 54.93249902373544
37.5010767944737 54.93226426397201
37.50124845585064 54.932041858711074
37.501398659555484 54.931794740305676
37.50148449024395 54.931621756514474
37.5016561516209 54.931399347684916
37.50187072834211 54.93106573212435
37.50208530506329 54.93081860769493
37.50227842411237 54.930596194404494
37.50242862781721 54.930336710671035
37.50281486591539 54.92976831186083
37.5029436119481 54.92953353608271
37.50315818866928 54.929162834683275
37.503458596078964 54.92892805535547
37.50378046116075 54.92843377859244
37.50393066486557 54.9281619237696
37.5045100220128 54.927383420209544
37.50466022571764 54.92701269890716
37.50487459928194 54.92656835983693
37.505089176003125 54.92637063821223
37.50519646436373 54.92614820021768
37.50543249875704 54.92585161430326
37.505711448494566 54.92559209982649
37.50588310987154 54.925332583668215
37.505990398232115 54.92519664596186
37.50622643262543 54.92491241108492
37.506419551674504 54.92454166690978
37.50665558606782 54.92430686049057
37.50682724744477 54.92407205269485
37.507063281838086 54.92372601764482
37.50727785855926 54.923244035271935
37.50759972364105 54.92297214522096
37.507878673378606 54.92273732960084
37.50798596173921 54.922453077271584
37.508157623116155 54.9222306175199
37.5084151151816 54.92190928458638
37.50856531888641 54.92164974456597
37.508814764324896 54.92129905390657
37.50901056558296 54.921022515923035
37.509190273586974 54.920769149837774
37.50938607484506 54.92052196186876
37.50959528714822 54.92030876102558
37.509890330139854 54.92011718828092
37.51018805534052 54.919930249477595
37.51042945415186 54.919758759394966
37.51059977442439 54.919649839647306
37.51076875359232 54.91954246456054
37.510817033354584 54.91950847526448
37.510937732760304 54.919436634162594
37.51103429228483 54.91940109980396
37.511098665301226 54.919378697697255
37.51114292174998 54.919356295572875
37.51118717819871 54.91933389343596
37.51124618679705 54.91931380875084
37.51128105551425 54.919301448939606
37.51133335859002 54.91927827428327
37.51146746904078 54.91923887733672
37.511678022448436 54.91925664459191
37.5115439119977 54.919156220871976
37.5114004138154 54.91920102533197
37.51146746904078 54.91930917382207
37.511542570893205 54.919294496544104
37.51150501996699 54.919214930154205
37.51152245432559 54.919210295214
37.51171289116563 54.919149268461595
37.51178665191355 54.91913459112506
37.51186175376598 54.91911450634001
37.511903328005744 54.91909519404236
37.51196904212661 54.91908206167114
37.511995864216736 54.91908515164121
37.51202805072492 54.9190890141035
37.51203207403845 54.91907665422291
37.5120226863069 54.91905888688789
37.512034756247466 54.91904652699801
37.512087059323264 54.9190519344503
37.51210449368186 54.91905888688789
37.51214338571257 54.91905270694342
37.51215813786215 54.91903571209122
37.512202394310904 54.91902103471307
37.512227875296546 54.919011764787264
37.51227213174528 54.91900558483553
37.51230700046247 54.91899863238869
37.51235528022474 54.918986272480225
37.512386125628424 54.91897932003002
37.51242233545012 54.918968505105106
37.512493413989006 54.918959235167144
37.5125631514234 54.91895073772211
37.51261679560369 54.918935287817455
37.5126543465299 54.918935287817455
37.51270799071021 54.91895073772211
37.512738836113876 54.91896000766206
37.51278041035359 54.91897236757862
37.512811255757285 54.91898395499695
37.5128323443448 54.918992220903746
37.512993276885695 54.919035480560304
37.51305764990203 54.91906020034308
37.51322394686098 54.91906020034308
37.51333659963959 54.91903239058639
37.51311665850037 54.91901694071323
37.51302546339387 54.919007670786456
37.512902081779195 54.918973681036654
37.513181031516716 54.918973681036654
37.51335269289369 54.918992220903746
37.51349753218048 54.91901076076228
37.51373356657379 54.919035480560304
37.51390522795074 54.91907565019956
37.514087618163764 54.919118909766006
37.51421636419647 54.91914980942774
37.514345110229186 54.91920233879799
37.51449531393403 54.91928576765621
37.514516771606154 54.91932902699577
37.51460260229463 54.919412455590184
37.51479572134378 54.919647290716384
37.51531070547462 54.92004279937007
37.51548236685159 54.920388866238945
37.51578277426125 54.920907960936816
37.51685565786722 54.92172366759129
37.51728481130958 54.92226746279631
37.518271864227074 54.92320672804051
37.51891559439065 54.92389880412345
37.51968807058694 54.924541435493445
37.5202030547178 54.92513462452988
37.520675123504425 54.92557951054197
37.52131885366801 54.92599967612709
37.52170509176613 54.926889423992435
37.52213424520853 54.92760615095378
37.52402252035501 54.92960797556652
37.525481642059106 54.930843619818134
37.52616828756692 54.93188153152491
37.52719825582865 54.933067683391386
37.528228224090356 54.9343032208889
37.528314054778825 54.93499510523433
37.52960151510597 54.937021269188435
37.52977317648292 54.93786135587542
37.529944837859894 54.9388002554291
37.53011649923684 54.93954147636463
37.53020232992532 54.940332096902104
37.53020232992532 54.9411227018247
37.53045982199073 54.94211093601974
37.52999843226148 54.943476537720464
37.52999843226148 54.94495879269555
37.529826770884526 54.94653980416496
37.529740940196056 54.948021945696134
37.529483448130634 54.94940522826836
37.529483448130634 54.950590860987745
37.529826770884526 54.951825857715605
37.529826770884526 54.95291262330606
37.52956927881911 54.95394996292557
37.529397617442136 54.955876379443616
37.529397617442136 54.95686424936735
37.529397617442136 54.95770391962352
37.529397617442136 54.95879052555858
37.52956927881911 54.9601240470491
37.529397617442136 54.96130936216541
37.52931178675367 54.96229709793157
37.529054294688244 54.96338357910246
37.529054294688244 54.964716947475736
37.52931178675367 54.96629717836193
37.529397617442136 54.967679829163735
37.52965510950758 54.96975371573513
37.52999843226148 54.972419983287416
37.530599247080815 54.97390116621599
37.53111423121168 54.97548103419203
37.53205836878491 54.97720894330634
37.53240169153883 54.978443118377484
37.533002506358166 54.98007217112776
37.53368915186598 54.98204669152007
37.534204135996845 54.98323135693303
37.53497661219313 54.98436662833745
37.53574908838941 54.98589672572826
37.53592074976636 54.98722934346649
37.53729404078198 54.98900609799627
37.537551532847424 54.989746389065395
37.53832400904371 54.99102952776227
37.539010654551525 54.99251002121023
37.54012645350173 54.99384241840925
37.54167140589429 54.9951254255673
37.54295886622145 54.99665511102014
37.54398883448317 54.9981353960111
37.544675479990985 55.00001034492496
37.54604877100661 55.00099712479004
37.54742206202223 55.003167954685296
37.54845203028393 55.004302659714526
37.549052845103276 55.00524000042177
37.54999698267653 55.00637464657894
37.55102695093824 55.007706581366136
37.551198612315204 55.008693171084325
37.55205691919996 55.01041964443561
37.5530010567732 55.011554143419595
37.55480350123121 55.01332981624299
37.55540431605055 55.01515473102097
37.55574763880444 55.01633841491699
37.55660594568922 55.01767001734637
37.55609096155836 55.01914952350281
37.55703509913159 55.020579660659514
37.5577217446394 55.022502867764885
37.5578075753279 55.024771146771315
37.55858005152418 55.026299696862004
37.557893406016376 55.02871567275041
37.558751712901135 55.03009616472352
37.55823672877027 55.03246261126706
37.55849422083571 55.03418805671566
37.558751712901135 55.03615990299046
37.558408390147235 55.03763872373149
37.55858005152418 55.03906819833262
37.558837543589604 55.04099051444007
37.55900920496655 55.04227200703473
37.559266697031994 55.0437506011685
37.559266697031994 55.045130572898714
37.55986751185134 55.046411932459556
37.55986751185134 55.047841092624225
37.559610019785886 55.04946731601837
37.560725818736096 55.05148768299455
37.561240802866955 55.0531630316069
37.56175578699782 55.05449340534935
37.56227077112866 55.056562787365436
37.563129078013446 55.05833645787192
37.56355823145581 55.05976519060271
37.56381572352126 55.06084902264734
37.56475986109449 55.06232692793424
37.565618167979245 55.06301659831149
37.56570399866774 55.06395256044647
37.566476474864025 55.06552886804028
37.56750644312573 55.06671105780988
37.56862224207594 55.06799172381229
37.568879734141355 55.06922309461046
37.56956637964917 55.07020816384739
37.571197162730236 55.072079728300714
37.572484623057385 55.07316322542508
37.57325709925367 55.07424669307908
37.57368625269606 55.075477870550415
37.574887882334735 55.07670900996715
37.57634700403883 55.07803859779505
37.576861988169696 55.07941738273494
37.577720295054455 55.08059916040595
37.57840694056227 55.08163318710078
37.578921924693134 55.08256871192746
37.58020938502028 55.083602687481395
37.58063853846265 55.08458740114309
37.58175433741285 55.086162892355205
37.58244098292066 55.087886014482315
37.583385120493915 55.08970751964242
37.584157596690204 55.09143048836055
37.58441508875562 55.0927103597062
37.58467258082109 55.0956145305109
37.58518756495196 55.09714036584568
37.58510173426348 55.0990598820561
37.58441508875568 55.10078244597966
37.584071766001756 55.10220965674606
37.583728443247864 55.10329233421623
37.58347095118242 55.10398129545018
37.58312762842852 55.10471945496286
37.58287013636308 55.106343357686896
37.582097660166795 55.10781957537556
37.58149684534746 55.10914812446265
37.58106769190509 55.11003379920563
37.58038104639728 55.1113622743481
37.57935107813555 55.11259230436653
37.57857860193926 55.114068290186836
37.57772029505448 55.11465866917697
37.57746280298906 55.11534743358974
37.57677615748125 55.116183774341366
37.576432834727356 55.11692170745832
37.575317035777154 55.11829914597606
37.57342876063072 55.12041440509954
37.57274211512288 55.121644155188775
37.57214130030357 55.12262792787766
37.571626316172704 55.123562489387446
37.570853839976415 55.12454621461423
37.570338855845556 55.125677468535876
37.56973804102621 55.12656277523948
37.56870807276449 55.127546426233124
37.56742061243734 55.12867759478786
37.56707728968344 55.12961201409967
37.566390644175634 55.1302513409733
37.565532337290875 55.13108736829313
37.56493152247153 55.131972554525255
37.56415904627522 55.13310359713504
37.56330073939047 55.13398873846638
37.562785755259604 55.13497220571533
37.562013279063315 55.135808133742984
37.561498294932456 55.13674238543772
37.5606399880477 55.13762744573166
37.560296665293805 55.138364980919434
37.55969585047446 55.13900416700993
37.5591808663436 55.13984001023048
37.558236728770396 55.1410691595368
37.55720676050866 55.14205245157598
37.55652011500085 55.143625668225326
37.55566180811609 55.14470721853739
37.55463183985439 55.14569042054463
37.554288517100474 55.146870230834836
37.55257190333093 55.14765675156282
37.55257190333093 55.148639880574414
37.55171359644617 55.14981960327111
37.55171359644617 55.15099929093138
37.55085528956141 55.15237554892024
37.54999698267663 55.15326026101717
37.54776538477625 55.154833033863476
37.54673541651452 55.155914279066316
37.54604877100671 55.15729036674899
37.54484714136806 55.15905955227525
37.544675479991085 55.160926940373905
37.543473850352434 55.16220457636691
37.5427872048446 55.16367872065714
37.54210055933679 55.16505453927882
37.54089892969814 55.16662684503577
37.540212284190325 55.16869040183779
37.539353977305545 55.16977126973191
37.539353977305545 55.17085210819354
37.53866733179773 55.17232593139127
37.53798068628992 55.17370145033234
37.537809024912974 55.17556814978532
37.53643573389735 55.17674707262093
37.53643573389735 55.17812243832963
37.5362640725204 55.17959599154649
37.53506244288173 55.181069490040734
37.53523410425873 55.182837616006964
37.53506244288175 55.184114546862325
37.53471912012786 55.1852932157877
37.53437579737394 55.18647184969325
37.53437579737394 55.18755223334321
37.534204135996994 55.189221859287784
37.534204135996994 55.190203959366926
37.534204135996994 55.191284241367015
37.534204135996994 55.19265910317542
37.534547458750914 55.19364111814393
37.53471912012786 55.19501589824803
37.53351749048918 55.19629243709841
37.532144199473564 55.19727436209711
37.534547458750914 55.19884539151911
37.534547458750914 55.20012180709082
37.53471912012786 55.20120181894097
37.53471912012786 55.203067224659826
37.53471912012786 55.20453985138567
37.53471912012786 55.206208762210196
37.53471912012786 55.207583106601625
37.534547458750914 55.20935005080058
37.534547458750914 55.21082244412875
37.53403247462005 55.212491090441496
37.53386081324307 55.21376706668696
37.53386081324307 55.21523929591918
37.53403247462005 55.21631889592677
37.530084262950126 55.21710404109364
37.53317416773527 55.218478007699986
37.53300250635832 55.2198519266617
37.532487522227456 55.22142206142156
37.5316292153427 55.22269775009418
37.531285892588805 55.224365896375375
37.53025592432707 55.22544524771334
37.52991260157315 55.22662268835766
37.52991260157315 55.22799632487281
37.528882633311454 55.22986046966046
37.52836764918059 55.2313321009366
37.52819598780364 55.233196088717
37.527681003672775 55.234765694586976
37.52716601954191 55.23594285816005
37.52716601954191 55.23711998673715
37.52699435816496 55.23974387658648
37.526865612132255 55.242122392795395
37.52720893488615 55.243838759017564
37.52772391901701 55.2449911345797
37.52780974970548 55.24570215808363
37.528024326426696 55.2464867209204
37.52832473383635 55.24714868371742
37.52841056452482 55.248055799939415
37.529783855540494 55.25021318202744
37.52991260157321 55.25134085767518
37.53021300898289 55.25190468344885
37.530513416392544 55.25266460982446
37.53077090845797 55.253522573676676
37.531242977244595 55.25428246898229
37.53197253809664 55.25555709930541
37.53227294550632 55.25639048923892
37.532487522227505 55.2576895620674
37.53300250635837 55.258351337486076
37.533217083079556 55.25974838257356
37.53370831992392 55.26027643271512
37.53387998130086 55.26101168997323
37.53366540457968 55.261452837768545
37.534223304054784 55.262237088368586
37.53482411887412 55.26270272980578
37.535081610939535 55.263658502951415
37.53478120352988 55.26458974687979
37.53529618766072 55.26517788964337
37.53563951041464 55.26598657166346
37.535811171791586 55.26674622759041
37.53632615592245 55.26753037324288
37.536712394020604 55.26826549567209
37.53684114005332 55.26917212784929
37.537098632118735 55.27020125270063
37.53757070090539 55.270887321061956
37.537484870216915 55.271597879310896
37.53804276969202 55.27272494551697
37.53804276969202 55.27343547074543
37.53851483847865 55.2741704834082
37.53877233054406 55.274831983122596
37.53877233054406 55.27537097470716
37.53920148398646 55.27639993824362
37.53958772208461 55.27735538040101
37.53997396018274 55.27828630183212
37.54040311362513 55.27946217125457
37.54048894431366 55.28031955400371
37.54074643637908 55.281103430519416
37.541003928444496 55.28200976836348
37.54117558982147 55.282916085432056
37.54161925024227 55.2840074674797
37.541747996274985 55.284962725780765
37.54209131902888 55.285648538015245
37.54226298040582 55.28630984568521
37.54239172643856 55.28709360340958
37.54282087988092 55.287730395115865
37.5429067105694 55.288489633355375
37.5431212872906 55.28910191163328
37.54350752538873 55.28983663304462
37.54376501745418 55.29047338055142
37.54376501745418 55.29118358681989
37.543807932798416 55.29184480187119
37.54432291692928 55.29262844982642
37.54445166296199 55.293265152346116
37.544623324338936 55.29382838063797
37.54483790106012 55.29441608855637
37.545009562437095 55.29497930044153
37.54526705450251 55.29549353036835
37.545395800535225 55.29600775360208
37.54556746191219 55.29642402465106
37.54578203863338 55.29681580516105
37.545824953977615 55.297305525334934
37.54599661535456 55.29818700635559
37.54725725359155 55.29908377068225
37.54631311601832 55.299328617476455
37.54708559221461 55.300454893156896
37.54828722185328 55.3026094180305
37.5486305446072 55.30368663639442
37.54905969804957 55.30447004947858
37.54948885149196 55.305351370623875
37.54974634355738 55.30633059327488
37.55069048113064 55.307407710147984
37.55094797319605 55.30804417449139
37.551548788015396 55.30877854367956
37.551548788015396 55.30946394260035
37.55240709490015 55.30985559378521
37.55240709490015 55.310589929286714
37.55300790971949 55.31127529676692
37.55352289385036 55.311960652350855
37.55352289385036 55.31289075875853
37.55378038591577 55.31347818309537
37.55455286211208 55.314261401949196
37.554896184865974 55.31504460526572
37.55549699968532 55.31568094651996
37.55584032243923 55.31651306960686
37.556441137258545 55.317296228254534
37.556870290700935 55.317932533215675
37.557299444143325 55.31896038879444
37.55790025896267 55.31993927398707
37.55867273515895 55.32052659345053
37.55893022722437 55.32150543980303
37.55935938066676 55.322190617806335
37.559702703420655 55.323022603676726
37.56030351823999 55.32356093812964
37.560475179616965 55.32453970923744
37.56150514787867 55.32566526600232
37.56184847063259 55.32615462849352
37.56279260820587 55.32713333528264
37.56330759233671 55.327622679569096
37.56399423784452 55.328503483993046
37.564509221975385 55.32943320066675
37.56562502092559 55.330362895434945
37.566140005056454 55.331292568297904
37.567770788137494 55.33212436229184
37.56880075639923 55.33285828360614
37.569659063283986 55.33349433770193
37.57086069292266 55.33422823353188
37.57163316911895 55.33486426554145
37.572491476003705 55.335549211622514
37.57317812151152 55.33594060404371
37.5740364283963 55.33652768539455
37.57515222734648 55.337163680331706
37.57626802629668 55.337701821885
37.57738382524688 55.33838671869864
37.57884294695098 55.339022683663245
37.57961542314726 55.339462961093716
37.580988714162935 55.34034350122293
37.5840786189481 55.34210452248633
37.58645404454192 55.344121580263575
37.585853229722574 55.34370581193786
37.58718360539396 55.34468408339383
37.587741504869065 55.34519766619078
37.5883423196884 55.345686786445704
37.58864272709806 55.346322633707416
37.58954394932708 55.34722747560135
37.59044517155607 55.34813229673256
37.59061683293302 55.34835238521826
37.591003071031174 55.348914827989475
37.591389309129326 55.349306087794176
37.59160388585051 55.34957507665776
37.59203303929288 55.35011304887974
37.59246219273527 55.35060210816646
37.59267676945645 55.35099335122813
37.592977176866135 55.35148239959562
37.59327758427579 55.35189808593842
37.593492160997 55.352289316139775
37.593792568406656 55.352802799887314
37.5939642297836 55.353194021110816
37.594135891160576 55.35356078748197
37.59430755253752 55.354000902623326
37.59477962132415 55.35444101285125
37.594994198045335 55.35488111816575
37.5955091821762 55.35549236739595
37.596098719141246 55.35662584632144
37.59643056893529 55.35716057354541
37.597074299098864 55.35772289066847
37.597460537196994 55.35826075171468
37.59827592873754 55.35892084387674
37.59853342080296 55.35940979390676
37.599048404933825 55.35994763193409
37.59934881234348 55.36075437522563
37.599520473720425 55.36109662496163
37.599863796474345 55.36148776387783
37.60020711922824 55.36202557354929
37.600250034572504 55.362538930480376
37.60046461129368 55.36290560990852
37.60093668008031 55.363467845072044
37.60136583352268 55.36390784960489
37.60158041024388 55.36451895886156
37.60192373299778 55.36532560856959
37.602267055751696 55.366010025676
37.60235288644017 55.366547773634544
37.60256746316136 55.36701218642027
37.60261037850559 55.36742770900994
37.60282495522677 55.36808764764606
37.60295370125951 55.36874757522903
37.60333993935764 55.36923640334958
37.60346868539035 55.36977410727743
37.60359743142308 55.3703606850113
37.60376909280003 55.37082505285711
37.603854923488505 55.371167215135934
37.604024169209104 55.37171986254697
37.60410999989758 55.372379729299276
37.60410999989758 55.37308846275317
37.604410407307235 55.37374830658193
37.604410407307235 55.37421263449872
37.60466789937268 55.374823583945535
37.60479664540539 55.375507836076764
37.60466789937268 55.3758988319581
37.60462498402845 55.37643644495791
37.60462498402845 55.3769740506201
37.60458206868421 55.377682701418394
37.60449623799573 55.378293597045975
37.60453915333997 55.37875787138608
37.60458206868421 55.37924657530543
37.60466789937268 55.37971083841213
37.60466789937268 55.38012622707929
37.60471081471692 55.38066378238038
37.60471081471692 55.381274631776755
37.60471081471692 55.381934338476704
37.60479664540539 55.38232527056563
37.60488247609386 55.38286279585139
37.60483956074963 55.383278151274276
37.60483956074963 55.38369350231625
37.604753730061155 55.38432873661838
37.604753730061155 55.384768508205276
37.60488247609386 55.385257137541565
37.6049253914381 55.38564803664497
37.6049253914381 55.38628323941152
37.60496830678234 55.38686957133183
37.6049253914381 55.38735817459582
37.60496830678234 55.38779791234937
37.60488247609391 55.38877508977989
37.604753730061205 55.38931252702586
37.60483956074968 55.38980109997416
37.60483956074968 55.390216382213175
37.60483956074968 55.390607232083624
37.60483956074968 55.391120216649945
37.60492539143815 55.39175533113766
37.60496830678239 55.392488142814535
37.60488247609391 55.392878970131115
37.60488247609391 55.393318646224245
37.60479664540544 55.39375831740655
37.60488247609391 55.39429568662709
37.60488247609391 55.394759772323155
37.60488247609391 55.39510172670332
37.60488247609391 55.39561465270355
37.60488247609391 55.39612757201985
37.60501122212663 55.39651836320317
37.60501122212663 55.397202238437785
37.605139968159335 55.397617442604485
37.605139968159335 55.398252452269645
37.60518288350357 55.39871649131508
37.605139968159335 55.39927821547094
37.60526871419204 55.40020626390813
37.60531162953628 55.400792388483886
37.605483290913256 55.401183133351374
37.605483290913256 55.40191576952669
37.605483290913256 55.402477448019624
37.60561203694596 55.40321006009271
37.60569786763444 55.403771720111905
37.60569786763444 55.40428453312798
37.60582661366715 55.40496827342008
37.60591244435562 55.40555432707125
37.60604119038833 55.4061159536294
37.60604119038833 55.40662873609432
37.60625576710954 55.40731243565188
37.60625576710954 55.40777636787114
37.606427428486484 55.4084844643956
37.606684920551906 55.408753049398655
37.60681366658464 55.40936346304103
37.606770751240404 55.40992503523313
37.60707115865006 55.410535430691404
37.60732865071548 55.410926078814434
37.60745739674822 55.4113899684221
37.60745739674822 55.411829437741275
37.60762905812516 55.41224448759028
37.60784363484635 55.41258629006012
37.60788655019058 55.41307457415663
37.60801529622329 55.41368492074656
37.60814404225603 55.41417319119985
37.60853028035415 55.41444173736564
37.60853028035415 55.414905585515406
37.60865902638687 55.41549149114915
37.60900234914078 55.41597973917696
37.60904526448502 55.416370333235406
37.609216925861965 55.416980628686304
37.60934567189468 55.41724915568463
37.60968899464859 55.41761532590954
37.60977482533707 55.417981492725325
37.609946486714016 55.41837206690451
37.609989402058254 55.41886027917394
37.61016106343522 55.419665816174394
37.610375640156406 55.420202831670885
37.61067604756609 55.42071543053129
37.610847708943034 55.421496520708544
37.61097645497574 55.42215555347785
37.611105201008456 55.42257049436989
37.61140560841814 55.42310747020112
37.611577269795085 55.42349799347257
37.611663100483554 55.423961734819876
37.61209225392595 55.42491360782454
37.61209225392595 55.425352926051914
37.612392661335605 55.425621395885514
37.61256432271255 55.42596308211338
37.612778899433756 55.42659763437284
37.612778899433756 55.42706133916277
37.6129505608107 55.427451823164986
37.61316513753189 55.42798873233545
37.61325096822036 55.42845242071826
37.61342262959733 55.428916103632105
37.61372303700699 55.42923335721153
37.61376595235123 55.42974583835464
37.613980529072435 55.430111892223685
37.61415219044938 55.43064876506592
37.61423802113786 55.43089279575218
37.614366767170566 55.43118563057601
37.61443114018693 55.431685885032
37.61443114018693 55.43210072535219
37.61451697087541 55.43249115930133
37.614645716908115 55.43301579881368
37.61477446294082 55.43340622367366
37.61477446294082 55.433735641632815
37.614838835957194 55.433955252071804
37.614838835957194 55.43429686587137
37.61490320897354 55.43465067703374
37.61490320897354 55.43488248262012
37.615074870350504 55.43540709022075
37.61509632802262 55.435760891389144
37.61516070103898 55.43604149005117
37.61524653172746 55.43633428651918
37.61533236241593 55.43662708080587
37.61533236241593 55.43691987291129
37.615375277760165 55.43723706189733
37.61543965077653 55.4374322538471
37.61548256612077 55.43773723932783
37.615611312153476 55.4381642150246
37.61563276982561 55.4385423896249
37.615718600514086 55.438932759588724
37.61576151585832 55.439286529018986
37.61578297353042 55.439554903703744
37.61589026189103 55.439981859652164
37.61593317723526 55.44040881096178
37.61610483861221 55.44077476553508
37.61612629628434 55.44099433664318
37.61614775395645 55.44140907872216
37.616233584644924 55.441726231475975
37.616233584644924 55.44222635177137
37.61627649998918 55.442677674384534
37.61631941533342 55.44298261915751
37.616383788349765 55.44322657327192
37.61644816136613 55.44354371135628
37.61651253438247 55.44377546449146
37.61657690739884 55.444129190325455
37.616662738087314 55.44442192653847
37.61668419575945 55.44466587171655
37.61677002644792 55.44499519530442
37.6168773148085 55.44533671314659
37.61694168782486 55.44571481872339
37.617048976185465 55.44616610126132
37.61711352424756 55.44665629850067
37.61711352424756 55.44708317729066
37.6172851856245 55.447668603517265
37.617392473985106 55.44788813610313
37.61741393165721 55.44849794240482
37.61741393165721 55.44880284200599
37.617542677689976 55.44931506802037
37.61741393165726 55.449571178517026
37.61764996605058 55.44988826538996
37.61775725441118 55.45011998110155
37.61780016975542 55.45038828179686
37.61775725441118 55.45070536207413
37.617821627427524 55.45098585403207
37.617907458115994 55.4512419536357
37.61795037346023 55.451485856467805
37.61795037346023 55.45166878259799
37.61803620414871 55.45193707271465
37.618057661820835 55.45226633535327
37.61807911949297 55.452510231824625
37.61807911949297 55.45276632148961
37.61814349250931 55.453034604109725
37.618250780869914 55.45331507943508
37.61829369621415 55.453607747204444
37.618400984574755 55.45392480149364
37.61842244224686 55.45429063018551
37.6184653575911 55.454571096541706
37.618551188279625 55.4549613072767
37.61857264595173 55.45521738096074
37.61861556129597 55.45553442225634
37.6187443073287 55.455863654739055
37.61880868034504 55.45614410986223
37.61889451103352 55.456497724336835
37.618830138017174 55.45692449618668
37.61904471473836 55.457363456679566
37.619066172410484 55.457680480650794
37.61910908775472 55.457960922799714
37.619173460771066 55.4582901349408
37.6191949184432 55.45868030871941
37.61925929145954 55.4590217075956
37.61928074913167 55.45938748881218
37.61928074913167 55.459741074082835
37.619366579820145 55.4601312334452
37.61930220680377 55.46038727342
37.61934512214804 55.46071646522017
37.61931158013386 55.46117054741212
37.61920429177326 55.46168261213854
37.61918283410115 55.462121519446164
37.619097003412676 55.46265795504833
37.61903263039631 55.46330410638369
37.618946799707835 55.46371861296226
37.61883951134723 55.464047776833716
37.618753680658756 55.464401320140325
37.61866784997029 55.46477924222343
37.618603476953915 55.465108397202734
37.61849618859334 55.46557164768376
37.61838890023274 55.465986130322854
37.618324527216394 55.46643717998737
37.618131408167315 55.466802892127276
37.61804557747884 55.46716860087218
37.61801339097066 55.46737583430865
37.61795974679034 55.467558686432334
37.61790610261006 55.467753727758854
37.617852458429766 55.46795486311188
37.617788085413395 55.46812552260325
37.617788085413395 55.468332750988196
37.61761642403645 55.46856435788856
37.61757350869221 55.46871063522685
37.617605695200396 55.469033662423875
37.61753059334798 55.46918603281775
37.61742330498737 55.46939935037555
37.61736966080711 55.4695554182369
37.61733747429895 55.46971388132797
37.61728919453666 55.46996071679162
37.61724091477455 55.47002710676656
37.617133626413974 55.47025870367007
37.6170692533976 55.47042935314567
37.61700488038126 55.47062438020932
37.61700488038126 55.47079502809513
37.61698342270913 55.470929108056374
37.616940507364895 55.471197266604854
37.61691904969276 55.4713313451921
37.61683321900429 55.47153855665332
37.616854676676425 55.47168482290849
37.616854676676425 55.471916410031184
37.61655426926674 55.47213580709748
37.616597184610974 55.472501466149374
37.61642552323403 55.472854933328065
37.61633969254556 55.473220585680366
37.61618948884072 55.473513105109525
37.61618948884072 55.47378124600434
37.61616803116861 55.47398844453197
37.616082200480136 55.474244394144115
37.61601782746377 55.474451590226636
37.61597491211953 55.47463440939106
37.615931996775295 55.4748294155611
37.61588908143106 55.4749878573608
37.615872988177 55.475109735250804
37.615835437250794 55.47529255134941
37.61578715748853 55.47550278881001
37.61572278447216 55.475716072039454
37.615653047037796 55.47591411971462
37.61561549611159 55.47607255713516
37.61557794518538 55.47625232189538
37.615526983214124 55.47647017131816
37.61552430100516 55.47655395923704
37.61544383473471 55.476729151564875
37.61537409730035 55.47691348352966
37.61529899544795 55.477273004522594
37.615223893595534 55.47756549374799
37.61514879174311 55.477705644062574
37.61514879174311 55.477839700416865
37.6150951475628 55.47800422350442
37.615084418726745 55.47811999859281
37.61504150338251 55.47822967994042
37.61500931687432 55.47832717421425
37.614977130366164 55.4784307616148
37.61496640153009 55.47850388196818
37.61492348618585 55.47860137556077
37.6149127573498 55.47872324221087
37.614891299677666 55.478790268707094
37.61486984200556 55.478906041476364
37.61482692666132 55.478997440789776
37.614805468989196 55.47909493315609
37.614784011317084 55.47918633202953
37.614784011317084 55.47929601039663
37.61471963830072 55.479381315581335
37.61470890946467 55.47946662058057
37.614698180628615 55.47955192539436
37.61466599412043 55.47963723002271
37.614644536448296 55.47972253446559
37.614601621104065 55.47984439763375
37.614601621104065 55.47996016729291
37.61456943459588 55.48006984349705
37.6144836039074 55.48024654340337
37.6144621462353 55.48034403266622
37.6144836039074 55.4804476147426
37.6143870443829 55.48061821992533
37.61437631554685 55.48074008031175
37.61437631554685 55.480831475353185
37.61430121369443 55.48096552102887
37.61427975602233 55.48105691554518
37.61427975602233 55.48117877456911
37.61418622456147 55.481408697355896
37.61417380420843 55.481486403972795
37.61414161770027 55.48158389015511
37.61410406677406 55.481690515389666
37.61408260910193 55.4817910474883
37.61404505817572 55.48187634724876
37.614023600503614 55.481961646823784
37.61399677841346 55.482049992616716
37.6139699563233 55.48215661658463
37.6139484986512 55.4822480083265
37.61393240539709 55.482354631756294
37.61391094772498 55.48242469842382
37.61387339679877 55.48258310956466
37.61384657470862 55.482674500313074
37.613827675609066 55.48279022292143
37.61376614122488 55.48289172432698
37.6137177430154 55.48306623336914
37.6136531674563 55.483178552524315
37.613667290439906 55.48330955841857
37.613619173159435 55.48341076191745
37.613611629075685 55.48350156691075
37.61359017140355 55.48358990923622
37.613568713731446 55.483675205085866
37.61355262047734 55.483748315666524
37.61353652722326 55.48381228731283
37.613504340715075 55.48387930511615
37.61348673082821 55.483978124258215
37.61345785970612 55.484076136500235
37.613414944361885 55.48424672589986
37.61331635530733 55.484368704899275
37.613327167105886 55.48449846834855
37.61325206525347 55.484729979867716
37.61323597199939 55.48485182748381
37.613219878745305 55.484970628545135
37.613187692237126 55.48506505990135
37.61310722596668 55.48524478346746
37.613069675040464 55.485327029570584
37.613069675040464 55.48548847512339
37.613037488532335 55.48565296614133
37.612989208770045 55.48576871866224
37.61297311551596 55.485893609157046
37.61293020017173 55.4859819460962
37.6129087424996 55.48611597417578
37.61287655599144 55.48624390964276
37.61283900506523 55.486374890760025
37.612796089720995 55.48652719383485
37.61276390321281 55.48668558840543
37.612710259032546 55.48682266011971
37.612699530196494 55.48691708701792
37.6126405215982 55.48711203215924
37.612608335090016 55.487200366354756
37.61258687741791 55.487288700351364
37.61255469090973 55.48738008013852
37.6125332332376 55.487477551676875
37.612506411147464 55.48762071255973
37.61247958905731 55.48779737846093
37.61240448720494 55.48804105426641
37.6123615718607 55.488202488649975
37.612318656516464 55.48835173871545
37.612275741172205 55.48853144722442
37.612222096991914 55.488677650149754
37.61219527490176 55.48886344891442
37.61206652886912 55.48931423571379
37.61206652886912 55.48950307728778
37.61205580003307 55.48974065087982
37.6119699693446 55.489959948303
37.611809036803706 55.49017315295562
37.611712477279205 55.49063001617196
37.61164810426286 55.49083712574101
37.61164810426286 55.49102595998316
37.61164810426286 55.49119651916241
37.611562273574364 55.49140971709349
37.61155154473831 55.491592457254896
37.61150862939407 55.49180565303376
37.611422798705675 55.49215285513127
37.611336968017206 55.492372139067875
37.611229679656596 55.49262796877769
37.611229679656596 55.4928472500579
37.611143848968126 55.49324926255404
37.61107947595178 55.49352945064475
37.61099364526331 55.493955819985544
37.610886356902704 55.49438218469098
37.61082198388634 55.49478418145339
37.610457203460314 55.496781922420396
37.61062886483726 55.495454166900316
37.61062350041916 55.4959353311927
37.61040355927997 55.49646521416535
37.61030699975547 55.49715953275189
37.61024262673913 55.49747623538742
37.610328457427606 55.497975645890875
37.61009242303429 55.49835324472728
37.60994221932945 55.49864557681304
37.60992076165734 55.498925726350116
37.60989930398521 55.49916933301624
37.60994221932945 55.49948601941957
37.60992076165734 55.49981488336195
37.60981347329674 55.500082844534866
37.6097705579525 55.50031426407413
37.6097705579525 55.50060658153978
37.6097705579525 55.500862357534466
37.60968472726403 55.5011424912332
37.60962035424766 55.50137390451815
37.60953452355919 55.501641855036446
37.609448692870714 55.50188544482762
37.609319946838006 55.50247005415764
37.609405777526476 55.50268928040676
37.609362862182245 55.502945042814716
37.60934140451014 55.503127729227444
37.60934140451014 55.5033347727994
37.60927703149377 55.50360270991651
37.609255573821635 55.50384628752479
37.609255573821635 55.50408986361971
37.60927703149377 55.50436997425797
37.60927703149377 55.5046866186564
37.6091912008053 55.504954546534364
37.6091912008053 55.50525900780931
37.60910537011682 55.50566089307154
37.60904099710046 55.50596534886063
37.608976624084086 55.50646465124183
37.60904099710046 55.50675692285198
37.609019539428346 55.50697612512949
37.60899808175622 55.50725621514472
37.60893370873985 55.50748759234343
37.60893370873985 55.5077189681764
37.60893370873985 55.50799905288374
37.60893370873985 55.50824260317637
37.60895516641198 55.5085470389141
37.60895516641198 55.508802763106516
37.6087620473629 55.509180257674636
37.6087620473629 55.50972822719144
37.60867621667443 55.51014224352336
37.6086547590023 55.51038578049927
37.60856892831383 55.510824143242516
37.60854747064172 55.5110798525786
37.60852601296959 55.511372089776955
37.60852601296959 55.51171303042098
37.60841394777678 55.51206657903222
37.60839249010468 55.51233445646961
37.60839249010468 55.51260233207603
37.60834957476044 55.51305284601226
37.60841394777678 55.5133815961567
37.608478320793154 55.513746870860544
37.608371032432544 55.514026912494465
37.608371032432544 55.51434347888833
37.608371032432544 55.51462351625893
37.608371032432544 55.51496442861781
37.60834957476044 55.51532968856839
37.60834957476044 55.51556101810951
37.60832811708831 55.5158288716616
37.608285201744074 55.516145423499026
37.608242286399836 55.51638892317236
37.60832811708831 55.51676634467572
37.608285201744074 55.51702201524164
37.60832811708836 55.517326382793904
37.60834957476047 55.51763074797593
37.60826374407199 55.517935110793786
37.608392490104706 55.518312517404524
37.608392490104706 55.518616874926586
37.608478320793175 55.51895775254458
37.60849977846531 55.519249930999614
37.60849977846531 55.51967602067431
37.60858560915378 55.52005341051657
37.608671439842254 55.5204673177767
37.60869289751439 55.520917741297254
37.60884310121923 55.52142902659187
37.60880018587496 55.52184291931946
37.60888601656346 55.52213507625926
37.6089503895798 55.5224759232687
37.6089503895798 55.52279242140789
37.609164966301016 55.52321847255752
37.60918642397312 55.52354713742134
37.609293712333724 55.52394883517696
37.60942245836643 55.52431401138045
37.609529746727034 55.524727873635165
37.609679950431826 55.525105214809926
37.609871876287066 55.525899708693366
37.609850418614954 55.526240522948946
37.610000622319774 55.526532647093575
37.61006499533614 55.52689779921074
37.61008645300827 55.52731163416179
37.61025811438522 55.52751854999772
37.610301029729456 55.52773763616203
37.610343945073694 55.5282610037113
37.6103654027458 55.52865048199561
37.6103654027458 55.52896693024987
37.6104512334343 55.529295546884725
37.610429775762164 55.52964850242145
37.610429775762164 55.5299406011499
37.610429775762164 55.53024486834216
37.6104512334343 55.530561303714634
37.6104512334343 55.53091424784466
37.6104512334343 55.5312306778088
37.6104512334343 55.531547105216326
37.61055852179487 55.5317783390127
37.610429775762164 55.53232599257012
37.610429775762114 55.53267892079087
37.610429775762164 55.53298316671543
37.610429775762164 55.533615990654646
37.610301029729456 55.53424880436766
37.61017228369675 55.53475991567047
37.61008645300827 55.535271020302154
37.61012936835251 55.53585513171256
37.60982896094283 55.53646357183309
37.609571468877405 55.536974654228
37.60974313025435 55.537510066724835
37.6093568921562 55.53802113546029
37.609228146123485 55.538726886080575
37.60901356940231 55.53952996614566
37.608713161992625 55.540089678869734
37.60849858527144 55.54064938359206
37.60819817786179 55.54123341477123
37.607897770452105 55.541695766609145
37.607597363042444 55.54215811298663
37.60738278632124 55.54259612030737
37.60729695563276 55.54313145593299
37.60691071753463 55.543691117168684
37.60691071753463 55.54427510297086
37.606739056157664 55.54505373716089
37.606352818059534 55.545662034340474
37.606224072026826 55.546294653379356
37.606009495305614 55.54704891656294
37.605923664617144 55.54770584362211
37.6057520032402 55.54816811901727
37.60566617255172 55.548946675762316
37.605494511174776 55.54974954618483
37.605494511174776 55.550479414094795
37.60536576514204 55.551257924862455
37.605537426519014 55.551939109080124
37.6054945111748 55.55347173022413
37.60519410376514 55.554250181465356
37.60497952704394 55.55493131359794
37.6049366116997 55.55534485232244
37.60532284979785 55.55629354229989
37.60540868048633 55.55692598950206
37.60519410376514 55.55763139932113
37.60506535773241 55.5581178814415
37.60506535773241 55.55865300478737
37.60485078101122 55.55921244409593
37.604722034978515 55.55982052122757
37.60467911963428 55.560404266382214
37.60455037360157 55.561012324989484
37.60424996619189 55.56164469591531
37.6040353894707 55.5623013779803
37.60364915137255 55.56309789422673
37.603423845815314 55.56359646865058
37.603230726766235 55.56388831415122
37.603182447003974 55.563936954855286
37.60312880282371 55.564177117451074
37.60306442980734 55.56431087825412
37.60297859911887 55.56441119855623
37.602941048192655 55.564499358609325
37.602855217504185 55.564581438480126
37.60279620890587 55.564675678119386
37.602699649381314 55.56477295750887
37.60267819170921 55.564864156716766
37.60264064078303 55.56495231575501
37.60258163218471 55.56500399509528
37.60254944567653 55.565040474588486
37.60250116591426 55.565086073907146
37.602479708242136 55.5651347131218
37.6024367928979 55.56518639222108
37.60238314871761 55.56526239077853
37.60229731802914 55.56537182843311
37.602232945012766 55.56547518593685
37.60210419898006 55.56558462299604
37.6019861817834 55.565724458792765
37.601889622258874 55.56582781536466
37.60172868971798 55.565991969358706
